spawns:
  default:
    world: 9b9f9967-06bc-48e1-a4cc-15e94ed9c7c2
    world-name: world
    x: -166.41688310201806
    y: 160.0
    z: 251.5897659812901
    yaw: -177.300048828125
    pitch: 64.65000915527344
